00000019
00000102
00000103
00000104
00000105
00000106
00000107
00000110
00000124
00000142
00000143
00000144
00000147
00000149
00000150
00000153
00000157
00000160
00000163
00000165
00000169
00000180
00000182
00000184
00000192
00000195
00000196
00000198
00000199
00000203
00000204
00000207
00000210
00000212
00000213
00000214
00000215
00000217
00000218
00000220
00000221
00000223
00000224
00000225
00000226
00000227
00000228
00000229
00000233
00000235
00000236
00000237
00000238
00000239
00000244
00000247
00000248
00000249
00000250
00000251
00000253
00000256
00000258
00000259
00000261
00000264
00000266
00000267
00000268
00000269
00000270
00000271
00000272
00000273
00000274
00000275
00000276
00000277
00000279
00000280
00000281
00000282
00000284
00000285
00000286
00000287
00000288
00000289
00000290
00000291
00000292
00000293
00000294
00000295
00000296
00000297
00000298
00000299
00000300
00000303
00000304
00000307
00000308
00000311
00000313
00000314
00000315
00000316
00000319
00000321
00000323
00000324
00000325
00000326
00000327
00000328
00000329
00000331
00000333
00000334
00000336
00000337
00000338
00000339
00000340
00000343
00000344
00000345
00000347
00000348
00000349
00000352
00000354
00000356
00000357
00000359
00000366
00000370
00000372
00000373
00000378
00000381
00000382
00000384
00000385
00000386
00000388
00000389
00000393
00000394
00000396
00000397
00000399
00000404
00000407
00000409
00000410
00000411
00000412
00000414
00000416
00000417
00000419
00000421
00000423
00000424
00000426
00000427
00000428
00000429
00000430
00000432
00000434
00000436
00000439
00000440
00000441
00000443
00000444
00000448
00000449
00000452
00000458
00000462
00000463
00000465
00000468
00000474
00000480
00000482
00000483
00000485
00000486
00000487
00000488
00000492
00000493
00000494
00000497
00000501
00000504
00000506
00000508
00000509
00000513
00000514
00000515
00000516
00000517
00000518
00000520
00000521
00000522
00000523
00000524
00000525
00000526
00000528
00000529
00000530
00000531
00000532
00000533
00000534
00000536
00000540
00000544
00000545
00000546
00000549
00000550
00000552
00000553
00000554
00000556
00000557
00000558
00000559
00000561
00000562
00000563
00000565
00000566
00000567
00000569
00000570
00000573
00000574
00000577
00000582
00000583
00000584
00000585
00000590
00000591
00000592
00000594
00000595
00000596
00000598
00000599
00000613
00000619
00000620
00000622
00000623
00000624
00000625
00000626
00000630
00000636
00000638
00000645
00000653
00000654
00000658
00000659
00000661
00000662
00000663
00000664
00000665
00000668
00000669
00000671
00000673
00000674
00000676
00000678
00000679
00000680
00000682
00000685
00000686
00000687
00000688
00000689
00000690
00000694
00000695
00000702
00000706
00000707
00000708
00000710
00000712
00000715
00000717
00000718
00000719
00000720
00000721
00000722
00000725
00000726
00000729
00000730
00000732
00000733
00000734
00000735
00000736
00000737
00000738
00000739
00000740
00000741
00000742
00000743
00000745
00000746
00000747
00000748
00000750
00000751
00000755
00000773
00000774
00000777
00000778
00000780
00000781
00000782
00000783
00000784
00000787
00000788
00000789
00000791
00000793
00000794
00000795
00000796
00000798
00000799
00000801
00000803
00000804
00000814
00000820
00000825
00000827
00000829
00000832
00000833
00000834
00000835
00000837
00000838
00000839
00000841
00000842
00000843
00000844
00000847
00000849
00000853
00000854
00000857
00000858
00000859
00000860
00000861
00000862
00000863
00000864
00000865
00000866
00000867
00000869
00000870
00000871
00000872
00000873
00000875
00000876
00000877
00000879
00000880
00000881
00000882
00000884
00000886
00000887
00000888
00000889
00000890
00000891
00000892
00000893
00000894
00000895
00000896
00000897
00000898
00000899
00000900
00000904
00000905
00000906
00000907
00000908
00000912
00000914
00000915
00000916
00000918
00000919
00000921
00000923
00000924
00000925
00000926
00000927
00000928
00000929
00000930
00000931
00000933
00000934
00000935
00000937
00000938
00000939
00000940
00000941
00000942
00000943
00000944
00000945
00000947
00000948
00000949
00000951
00000952
00000953
00000955
00000956
00000957
00000958
00000959
00000961
00000963
00000965
00000966
00000969
00000970
00000971
00000972
00000974
00000976
00000977
00000978
00000979
00000981
00000984
00000985
00000987
00000988
00000989
00000990
00000991
00000992
00000993
00000994
00000995
00000996
00000997
00000998
00001000
00001001
00001002
00001003
00001004
00001005
00001006
00001007
00001008
00001009
00001011
00001013
00001014
00001015
00001016
00001017
00001018
00001019
00001020
00001021
00001022
00001023
00001025
00001026
00001027
00001028
00001029
00001030
00001031
00001033
00001034
00001036
00001037
00001038
00001039
00001040
00001041
00001042
00001043
00001044
00001045
00001046
00001047
00001048
00001049
00001051
00001052
00001053
00001054
00001055
00001056
00001057
00001058
00001059
00001060
00001062
00001064
00001065
00001067
00001069
00001070
00001071
00001073
00001074
00001075
00001076
00001078
00001079
00001081
00001083
00001084
00001085
00001086
00001087
00001088
00001089
00001091
00001092
00001093
00001095
00001097
00001098
00001100
00001101
00001102
00001103
00001104
00001105
00001106
00001107
00001108
00001109
00001110
00001112
00001113
00001114
00001115
00001117
00001118
00001119
00001120
00001121
00001122
00001123
00001124
00001125
00001126
00001128
00001130
00001131
00001132
00001134
00001135
00001136
00001137
00001138
00001141
00001142
00001143
00001144
00001145
00001146
00001148
00001149
00001150
00001151
00001152
00001153
00001154
00001155
00001156
00001157
00001158
00001159
00001160
00001161
00001162
00001163
00001164
00001165
00001167
00001168
00001170
00001172
00001173
00001174
00001178
00001180
00001181
00001182
00001184
00001185
00001187
00001189
00001190
00001191
00001192
00001193
00001194
00001195
00001196
00001197
00001198
00001199
00001202
00001203
00001205
00001206
00001209
00001210
00001212
00001213
00001214
00001216
00001217
00001218
00001219
00001220
00001221
00001222
00001223
00001224
00001225
00001226
00001227
00001229
00001230
00001231
00001233
00001234
00001235
00001236
00001237
00001239
00001240
00001241
00001242
00001243
00001245
00001246
00001247
00001248
00001250
00001251
00001252
00001253
00001254
00001256
00001257
00001260
00001262
00001263
00001264
00001265
00001267
00001268
00001270
00001271
00001272
00001273
00001274
00001275
00001276
00001277
00001278
00001282
00001284
00001286
00001287
00001288
00001289
00001290
00001291
00001292
00001293
00001294
00001295
00001296
00001297
00001298
00001299
00001300
00001301
00001302
00001304
00001306
00001307
00001308
00001309
00001310
00001311
00001313
00001315
00001316
00001317
00001318
00001319
00001320
00001321
00001322
00001323
00001325
00001326
00001327
00001331
00001332
00001333
00001335
00001337
00001338
00001339
00001340
00001343
00001344
00001345
00001346
00001347
00001348
00001349
00001350
00001351
00001352
00001353
00001354
00001355
00001356
00001357
00001360
00001362
00001363
00001364
00001365
00001366
00001367
00001368
00001371
00001372
00001373
00001374
00001376
00001377
00001379
00001380
00001381
00001382
00001383
00001384
00001385
00001388
00001389
00001390
00001391
00001392
00001393
00001394
00001395
00001396
00001399
00001400
00001401
00001403
00001404
00001405
00001407
00001408
00001409
00001410
00001411
00001412
00001413
00001414
00001415
00001417
00001418
00001419
00001420
00001421
00001422
00001423
00001424
00001426
00001427
00001428
00001429
00001430
00001432
00001433
00001434
00001435
00001436
00001437
00001438
00001439
00001440
00001441
00001442
00001443
00001446
00001447
00001448
00001449
00001450
00001452
00001453
00001454
00001455
00001456
00001457
00001458
00001459
00001460
00001461
00001463
00001464
00001466
00001467
00001468
00001469
00001470
00001472
00001473
00001474
00001475
00001476
00001478
00001479
00001480
00001481
00001482
00001483
00001484
00001486
00001487
00001488
00001489
00001490
00001491
00001492
00001493
00001494
00001495
00001496
00001497
00001498
00001499
00001500
00001501
00001502
00001503
00001504
00001505
00001506
00001507
00001508
00001509
00001511
00001512
00001514
00001515
00001516
00001517
00001521
00001522
00001524
00001527
00001528
00001531
00001532
00001535
00001536
00001539
00001541
00001542
00001543
00001544
00001545
00001548
00001550
00001552
00001553
00001554
00001555
00001556
00001557
00001558
00001559
00001563
00001564
00001565
00001569
00001570
00001573
00001576
00001577
00001579
00001580
00001581
00001583
00001584
00001586
00001588
00001589
00001590
00001591
00001592
00001594
00001595
00001596
00001597
00001598
00001601
00001602
00001608
00001610
00001611
00001612
00001613
00001614
00001617
00001619
00001620
00001621
00001622
00001623
00001624
00001625
00001627
00001628
00001630
00001633
00001634
00001637
00001639
00001641
00001642
00001643
00001644
00001647
00001648
00001649
00001651
00001653
00001654
00001656
00001658
00001659
00001660
00001661
00001662
00001663
00001664
00001666
00001667
00001668
00001669
00001670
00001671
00001672
00001673
00001675
00001676
00001677
00001678
00001679
00001680
00001682
00001684
00001685
00001686
00001687
00001688
00001690
00001692
00001693
00001694
00001695
00001696
00001697
00001698
00001701
00001702
00001703
00001704
00001705
00001706
00001707
00001708
00001709
00001710
00001711
00001712
00001713
00001714
00001716
00001717
00001719
00001720
00001721
00001722
00001723
00001725
00001729
00001730
00001732
00001734
00001735
00001737
00001739
00001740
00001741
00001744
00001745
00001748
00001750
00001751
00001752
00001753
00001754
00001755
00001756
00001757
00001758
00001759
00001760
00001761
00001762
00001763
00001764
00001765
00001766
00001768
00001769
00001771
00001772
00001773
00001774
00001775
00001776
00001777
00001779
00001780
00001781
00001782
00001784
00001787
00001789
00001790
00001794
00001800
00001802
00001803
00001804
00001805
00001806
00001807
00001810
00001812
00001815
00001817
00001819
00001822
00001826
00001829
00001830
00001832
00001833
00001834
00001835
00001836
00001837
00001839
00001840
00001841
00001842
00001844
00001847
00001848
00001849
00001851
00001852
00001853
00001855
00001856
00001858
00001859
00001860
00001861
00001862
00001863
00001864
00001866
00001867
00001868
00001869
00001870
00001871
00001872
00001873
00001875
00001877
00001879
00001880
00001882
00001883
00001884
00001885
00001887
00001888
00001891
00001894
00001895
00001897
00001900
00001901
00001902
00001905
00001907
00001908
00001909
00001911
00001914
00001917
00001918
00001920
00001922
00001923
00001924
00001925
00001926
00001927
00001928
00001929
00001931
00001932
00001933
00001934
00001935
00001936
00001937
00001938
00001939
00001940
00001941
00001942
00001943
00001944
00001945
00001946
00001947
00001948
00001949
00001950
00001951
00001952
00001953
00001954
00001955
00001959
00001960
00001961
00001963
00001964
00001965
00001966
00001967
00001968
00001969
00001970
00001971
00001972
00001973
00001974
00001975
00001976
00001977
00001978
00001979
00001980
00001981
00001982
00001984
00001985
00001986
00001991
00001992
00001993
00001996
00002000
00002002
00002003
00002004
00002005
00002006
00002007
00002008
00002009
00002010
00002011
00002012
00002013
00002014
00002015
00002016
00002018
00002019
00002020
00002021
00002022
00002023
00002026
00002027
00002028
00002030
00002032
00002033
00002034
00002035
00002036
00002039
00002040
00002042
00002044
00002047
00002048
00002049
00002051
00002053
00002054
00002055
00002056
00002058
00002060
00002061
00002062
00002064
00002065
00002066
00002067
00002068
00002071
00002072
00002073
00002074
00002075
00002076
00002077
00002078
00002079
00002080
00002081
00002082
00002084
00002085
00002086
00002088
00002089
00002090
00002091
00002092
00002093
00002094
00002095
00002096
00002098
00002099
00002100
00002101
00002102
00002104
00002105
00002106
00002107
00002108
00002109
00002110
00002111
00002112
00002113
00002114
00002117
00002118
00002119
00002121
00002122
00002124
00002125
00002126
00002127
00002128
00002130
00002131
00002132
00002133
00002134
00002135
00002136
00002137
00002138
00002139
00002140
00002141
00002143
00002144
00002145
00002146
00002147
00002149
00002150
00002151
00002152
00002153
00002157
00002158
00002159
00002160
00002162
00002164
00002165
00002166
00002167
00002168
00002169
00002170
00002173
00002175
00002176
00002177
00002178
00002179
00002180
00002181
00002182
00002183
00002184
00002185
00002186
00002187
00002188
00002189
00002190
00002191
00002192
00002193
00002194
00002195
00002197
00002198
00002199
00002201
00002204
00002205
00002208
00002209
00002210
00002211
00002212
00002213
00002214
00002215
00002216
00002218
00002220
00002221
00002222
00002223
00002225
00002226
00002227
00002228
00002229
00002231
00002232
00002234
00002235
00002236
00002237
00002238
00002239
00002240
00002241
00002242
00002243
00002244
00002245
00002246
00002247
00002248
00002249
00002250
00002251
00002252
00002253
00002254
00002256
00002257
00002258
00002259
00002260
00002261
00002262
00002263
00002264
00002265
00002266
00002267
00002268
00002269
00002273
00002275
00002276
00002277
00002278
00002279
00002280
00002281
00002282
00002283
00002284
00002285
00002286
00002287
00002288
00002289
00002291
00002292
00002294
00002295
00002296
00002297
00002298
00002299
00002300
00002301
00002302
00002303
00002305
00002306
00002308
00002310
00002311
00002312
00002314
00002315
00002316
00002317
00002319
00002321
00002322
00002323
00002324
00002326
00002328
00002329
00002330
00002331
00002332
00002333
00002334
00002335
00002336
00002337
00002338
00002339
00002340
00002341
00002342
00002343
00002344
00002345
00002346
00002347
00002348
00002350
00002351
00002353
00002354
00002357
00002358
00002359
00002360
00002361
00002362
00002365
00002367
00002368
00002369
00002371
00002373
00002374
00002375
00002376
00002378
00002380
00002381
00002382
00002383
00002384
00002385
00002387
00002389
00002391
00002392
00002396
00002398
00002399
00002400
00002405
00002407
00002408
00002409
00002410
00002411
00002412
00002414
00002415
00002416
00002418
00002419
00002421
00002422
00002424
00002431
00002432
00002433
00002434
00002438
00002439
00002441
00002442
00002444
00002446
00002447
00002448
00002449
00002450
00002451
00002452
00002453
00002454
00002456
00002457
00002458
00002460
00002461
00002464
00002476
00002480
00002481
00002482
00002483
00002484
00002485
00002486
00002487
00002488
00002489
00002490
00002491
00002492
00002494
00002495
00002496
00002498
00002499
00002500
00002502
00002503
00002504
00002505
00002506
00002507
00002508
00002509
00002511
00002512
00002513
00002514
00002515
00002517
00002518
00002519
00002520
00002521
00002523
00002526
00002527
00002528
00002529
00002531
00002532
00002534
00002535
00002541
00002544
00002545
00002546
00002547
00002548
00002549
00002550
00002554
00002555
00002571
00002578
00002589
00002590
00002591
00002593
00002594
00002595
00002596
00002597
00002598
00002599
00002600
00002601
00002602
00002604
00002606
00002607
00002609
00002611
00002613
00002615
00002616
00002618
00002619
00002620
00002621
00002622
00002623
00002624
00002625
00002626
00002627
00002628
00002629
00002630
00002646
00002647
00002650
00002651
00002653
00002655
00002656
00002658
00002659
00002661
00002663
00002664
00002665
00002666
00002667
00002668
00002669
00002670
00002672
00002673
00002676
00002677
00002681
00002682
00002683
00002684
00002685
00002686
00002687
00002689
00002692
00002700
00002704
00002706
00002709
00002712
00002715
00002716
00002718
00002719
00002720
00002721
00002722
00002725
00002726
00002727
00002728
00002731
00002733
00002734
00002738
00002739
00002741
00002743
00002744
00002745
00002747
00002749
00002751
00002752
00002753
00002756
00002757
00002759
00002760
00002763
00002764
00002766
00002767
00002768
00002769
00002773
00002774
00002775
00002777
00002778
00002779
00002780
00002781
00002782
00002783
00002788
00002789
00002790
00002791
00002792
00002793
00002794
00002795
00002796
00002799
00002800
00002802
00002803
00002804
00002806
00002808
00002811
00002814
00002815
00002816
00002817
00002819
00002821
00002822
00002823
00002824
00002826
00002827
00002828
00002829
00002830
00002831
00002832
00002833
00002835
00002837
00002838
00002839
00002842
00002843
00002844
00002845
00002846
00002847
00002848
00002850
00002851
00002852
00002853
00002854
00002855
00002861
00002864
00002865
00002866
00002869
00002870
00002871
00002873
00002874
00002875
00002876
00002877
00002878
00002879
00002880
00002881
00002882
00002883
00002885
00002886
00002888
00002891
00002894
00002895
00002897
00002900
00002903
00002907
00002908
00002909
00002910
00002912
00002913
00002914
00002915
00002918
00002919
00002922
00002923
00002924
00002925
00002926
00002927
00002928
00002932
00002933
00002936
00002937
00002939
00002940
00002941
00002942
00002943
00002946
00002947
00002949
00002950
00002951
00002952
00002955
00002956
00002958
00002959
00002962
00002963
00002967
00002970
00002971
00002972
00002974
00002975
00002977
00002980
00002981
00002982
00002983
00002985
00003001
00003004
00003005
00003006
00003007
00003010
00003011
00003012
00003013
00003014
00003015
00003016
00003018
00003019
00003029
00003030
00003034
00003035
00003036
00003037
00003038
00003039
00003040
00003041
00003042
00003044
00003046
00003047
00003049
00003053
00003054
00003055
00003056
00003057
00003058
00003059
00003060
00003063
00003066
00003069
00003070
00003072
00003074
00003075
00003076
00003077
00003078
00003079
00003080
00003081
00003082
00003083
00003084
00003085
00003086
00003088
00003090
00003092
00003093
00003095
00003097
00003098
00003099
00003103
00003106
00003107
00003108
00003111
00003113
00003116
00003117
00003118
00003120
00003122
00003123
00003124
00003125
00003127
00003128
00003130
00003133
00003137
00003141
00003142
00003144
00003146
00003148
00003150
00003151
00003153
00003154
00003157
00003160
00003161
00003162
00003165
00003166
00003168
00003169
00003170
00003171
00003172
00003173
00003177
00003179
00003180
00003181
00003183
00003184
00003185
00003186
00003187
00003188
00003189
00003190
00003192
00003194
00003196
00003198
00003200
00003203
00003205
00003206
00003207
00003209
00003211
00003213
00003214
00003215
00003216
00003217
00003224
00003225
00003226
00003227
00003228
00003229
00003231
00003232
00003233
00003234
00003235
00003236
00003237
00003238
00003239
00003240
00003241
00003242
00003243
00003244
00003245
00003246
00003247
00003249
00003250
00003251
00003252
00003254
00003256
00003257
00003258
00003259
00003260
00003263
00003265
00003267
00003268
00003269
00003270
00003271
00003272
00003273
00003274
00003275
00003278
00003280
00003283
00003285
00003286
00003287
00003288
00003289
00003290
00003291
00003292
00003293
00003294
00003295
00003296
00003298
00003300
00003301
00003302
00003303
00003304
00003305
00003306
00003307
00003308
00003309
00003311
00003314
00003317
00003318
00003319
00003320
00003321
00003322
00003323
00003324
00003325
00003326
00003328
00003329
00003330
00003331
00003332
00003333
00003335
00003337
00003339
00003341
00003342
00003343
00003349
00003351
00003356
00003357
00003358
00003359
00003360
00003361
00003362
00003363
00003368
00003370
00003372
00003374
00003375
00003377
00003378
00003379
00003381
00003383
00003384
00003385
00003386
00003388
00003391
00003392
00003393
00003394
00003396
00003397
00003398
00003399
00003400
00003402
00003403
00003404
00003405
00003407
00003408
00003410
00003411
00003412
00003413
00003414
00003416
00003418
00003419
00003420
00003421
00003422
00003423
00003424
00003425
00003426
00003427
00003428
00003429
00003430
00003431
00003432
00003433
00003434
00003435
00003436
00003437
00003438
00003439
00003440
00003441
00003442
00003443
00003444
00003445
00003447
00003450
00003451
00003452
00003454
00003455
00003456
00003457
00003459
00003460
00003465
00003466
00003467
00003468
00003469
00003470
00003472
00003474
00003476
00003477
00003478
00003479
00003480
00003481
00003482
00003483
00003484
00003485
00003486
00003487
00003488
00003490
00003491
00003492
00003495
00003496
00003497
00003499
00003501
00003502
00003503
00003505
00003506
00003507
00003508
00003509
00003511
00003513
00003514
00003515
00003516
00003517
00003518
00003520
00003521
00003523
00003525
00003526
00003527
00003528
00003529
00003530
00003531
00003533
00003534
00003535
00003537
00003538
00003539
00003541
00003542
00003543
00003544
00003548
00003549
00003550
00003551
00003553
00003554
00003555
00003557
00003558
00003559
00003560
00003561
00003563
00003564
00003566
00003567
00003568
00003570
00003571
00003572
00003573
00003574
00003575
00003577
00003579
00003580
00003582
00003583
00003584
00003585
00003586
00003587
00003591
00003592
00003596
00003603
00003604
00003606
00003607
00003608
00003609
00003611
00003614
00003615
00003616
00003617
00003618
00003619
00003622
00003624
00003625
00003626
00003628
00003630
00003631
00003632
00003633
00003634
00003635
00003636
00003638
00003643
00003644
00003646
00003647
00003649
00003650
00003651
00003653
00003654
00003655
00003656
00003657
00003658
00003659
00003660
00003661
00003662
00003663
00003664
00003665
00003666
00003667
00003668
00003669
00003670
00003671
00003672
00003673
00003674
00003675
00003676
00003677
00003678
00003679
00003680
00003681
00003682
00003683
00003684
00003686
00003687
00003688
00003689
00003690
00003691
00003692
00003693
00003694
00003695
00003697
00003700
00003701
00003702
00003704
00003705
00003706
00003707
00003709
00003710
00003711
00003713
00003714
00003715
00003716
00003717
00003718
00003719
00003720
00003721
00003722
00003723
00003724
00003725
00003726
00003727
00003728
00003741
00003742
00003743
00003744
00003745
00003746
00003747
00003748
00003749
00003750
00003751
00003752
00003753
00003754
00003756
00003757
00003758
00003759
00003760
00003761
00003763
00003764
00003765
00003766
00003767
00003768
00003769
00003770
00003771
00003772
00003773
00003775
00003776
00003777
00003778
00003779
00003780
00003781
00003782
00003783
00003784
00003785
00003786
00003787
00003788
00003789
00003790
00003791
00003792
00003793
00003794
00003795
00003796
00003797
00003798
00003799
00003801
00003802
00003818
00003819
00003821
00003822
00003823
00003825
00003826
00003827
00003828
00003829
00003830
00003831
00003832
00003833
00003834
00003835
00003836
00003837
00003838
00003839
00003840
00003841
00003842
00003843
00003844
00003845
00003846
00003847
00003848
00003849
00003850
00003851
00003852
00003854
00003855
00003856
00003857
00003859
00003860
00003861
00003862
00003863
00003865
00003866
00003872
00003878
00003879
00003881
00003883
00003885
00003886
00003888
00003889
00003890
00003892
00003894
00003897
00003898
00003899
00003901
00003904
00003908
00003910
00003912
00003913
00003914
00003915
00003916
00003917
00003918
00003919
00003920
00003922
00003923
00003924
00003925
00003951
00003952
00003953
00003954
00003955
00003956
00003957
00003958
00003959
00003962
00003964
00003965
00003973
00003985
00003996
00004010
00004025
00004026
00004034
00004035
00004036
00004037
00004038
00004039
00004040
00004041
00004042
00004043
00004044
00004045
00004046
00004047
00004049
00004050
00004051
00004052
00004053
00004054
00004055
00004056
00004061
00004062
00004063
00004064
00004084
00004086
00004087
00004088
00004089
00004090
00004091
00004092
00004093
00004094
00004095
00004099
00004100
00004101
00004102
00004103
00004104
00004105
00004106
00004107
00004108
00004110
00004112
00004113
00004114
00004115
00004116
00004118
00004120
00004141
00004143
00004144
00004145
00004146
00004147
00004148
00004149
00004150
00004151
00004152
00004153
00004155
00004157
00004162
00004163
00004167
00004168
00004169
00004170
00004171
00004172
00004173
00004174
00004175
00004176
00004177
00004178
00004180
00004181
00004184
00004186
00004192
00004193
00004195
00004196
00004198
00004212
00004239
00004241
00004242
00004243
00004244
00004245
00004246
00004248
00004249
00004250
00004253
00004254
00004255
00004256
00004257
00004258
00004259
00004260
00004262
00004263
00004264
00004265
00004266
00004267
00004268
00004269
00004270
00004271
00004273
00004274
00004275
00004276
00004277
00004278
00004279
00004280
00004281
00004284
00004285
00004286
00004318
00004329
00004330
00004332
00004334
00004340
00004344
00004350
00004360
00004361
00004446
00004448
00004452
00004455
00004456
00004457
00004458
00004459
00004460
00004463
00004465
00004471
00004474
00004476
00004477
00004480
00004481
00004502
00004507
00004508
00004510
00004511
00004513
00004514
00004515
00004516
00004517
00004518
00004519
00004522
00004523
00004524
00004525
00004526
00004527
00004530
00004531
00004532
00004536
00004537
00004538
00004540
00004544
00004549
00004553
00004558
00004560
00004564
00004569
00004583
00004604
00004622
00004623
00004626
00004634
00004636
00004638
00004643
00004644
00004647
00004648
00004649
00004650
00004651
00004652
00004653
00004654
00004657
00004658
00004664
00004667
00004672
00004674
00004676
00004680
00004682
00004685
00004691
00004692
00004693
00004694
00004695
00004696
00004697
00004698
00004699
00004700
00004701
00004702
00004703
00004704
00004705
00004706
00004707
00004708
00004709
00004710
00004711
00004712
00004713
00004714
00004715
00004716
00004717
00004718
00004719
00004720
00004721
00004722
00004723
00004724
00004725
00004726
00004727
00004728
00004729
00004730
00004731
00004732
00004733
00004734
00004736
00004737
00004738
00004739
00004740
00004741
00004742
00004744
00004746
00004748
00004767
00004770
00004771
00004779
00004782
00004785
00004791
00004794
00004795
00004798
00004799
00004800
00004801
00004802
00004803
00004804
00004805
00004807
00004808
00004809
00004810
00004811
00004812
00004813
00004814
00004817
00004818
00004819
00004821
00004822
00004823
00004825
00004826
00004828
00004829
00004831
00004832
00004835
00004836
00004837
00004838
00004840
00004843
00004844
00004845
00004846
00004847
00004848
00004850
00004851
00004852
00004853
00004855
00004857
00004858
00004859
00004860
00004862
00004863
00004864
00004865
00004866
00004867
00004868
00004871
00004875
00004876
00004877
00004878
00004879
00004880
00004881
00004882
00004883
00004884
00004885
00004886
00004887
00004890
00004897
00004898
00004899
00004902
00004910
00004918
00004924
00004929
00004932
00004934
00004935
00004936
00004938
00004942
00004974
00004975
00004976
00004977
00004978
00004979
00004980
00004981
00004982
00004983
00004984
00004985
00004989
00004993
00004997
00005015
00005016
00005018
00005019
00005020
00005022
00005024
00005025
00005035
00005038
00005039
00005040
00005041
00005042
00005043
00005044
00005045
00005046
00005047
00005049
00005050
00005051
00005052
00005053
00005054
00005056
00005057
00005058
00005059
00005060
00005061
00005062
00005063
00005064
00005065
00005066
00005067
00005069
00005110
00005114
00005176
00005185
00005279
00005326
00005355
00005383
00005411
00005412
00005413
00005416
00005417
00005438
00005441
00005446
00005448
00005467
00005500
00005501
00005502
00005503
00005504
00005505
00005507
00005508
00005509
00005510
00005511
00005512
00005513
00005515
00005516
00005518
00005522
00005564
00005609
00005619
00005628
00005651
00005661
00005709
00005730
00005748
00005768
00005777
00005778
00005779
00005783
00005786
00005815
00005908
00005923
00005928
00005937
00005948
00005952
00005957
00005962
00005963
00005964
00005965
00005966
00005972
00005974
00005976
00005979
00005981
00005982
00005983
00005984
00005989
00005995
00005996
00005998
00006002
00006003
00006005
00006006
00006007
00006008
00006009
00006010
00006011
00006012
00006013
00006014
00006015
00006016
00006017
00006019
00006020
00006021
00006022
00006023
00006024
00006025
00006026
00006027
00006028
00006029
00006031
00006032
00006034
00006035
00006036
00006037
00006038
00006039
00006040
00006041
00006042
00006043
00006044
00006046
00006047
00006048
00006049
00006050
00006051
00006052
00006084
00006357
00006402
00006447
00006571
00006583
00006584
00006611
00006616
00006658
00006666
00006715
00006743
00006821
00006878
00007002
00007051
00007139
00007166
00007305
00007406
00007446
00007477
00007531
00007613
00007626
00007653
00007681
00007699
00007779
00007821
00007857
00007868
00007907
00007917
00007938
00007972
00008105
00008115
00008126
00008130
00008132
00008192
00008201
00008202
00008203
00008204
00008205
00008206
00008207
00008208
00008209
00008210
00008211
00008212
00008213
00008214
00008215
00008216
00008217
00008218
00008219
00008220
00008221
00008222
00008223
00008224
00008225
00008226
00008227
00008228
00008229
00008230
00008231
00008232
00008233
00008234
00008235
00008236
00008237
00008238
00008239
00008240
00008241
00008242
00008243
00008244
00008245
00008246
00008247
00008248
00008249
00008250
00008251
00008252
00008253
00008254
00008255
00008256
00008257
00008258
00008259
00008260
00008261
00008263
00008264
00008265
00008266
00008267
00008268
00008269
00008270
00008271
00008272
00008273
00008274
00008275
00008276
00008277
00008278
00008279
00008280
00008281
00008282
00008283
00008284
00008285
00008286
00008287
00008288
00008289
00008290
00008291
00008292
00008293
00008294
00008295
00008296
00008297
00008298
00008299
00008300
00008301
00008302
00008304
00008305
00008306
00008307
00008308
00008309
00008310
00008311
00008312
00008313
00008314
00008315
00008316
00008317
00008318
00008319
00008320
00008321
00008322
00008323
00008324
00008325
00008326
00008327
00008328
00008329
00008330
00008331
00008332
00008333
00008334
00008335
00008336
00008337
00008338
00008339
00008340
00008341
00008342
00008343
00008344
00008345
00008346
00008347
00008348
00008349
00008350
00008351
00008352
00008353
00008354
00008355
00008356
00008357
00008358
00008359
00008360
00008361
00008362
00008363
00008364
00008365
00008366
00008367
00008368
00008369
00008370
00008371
00008372
00008373
00008374
00008375
00008376
00008377
00008378
00008379
00008380
00008381
00008382
00008383
00008384
00008385
00008386
00008387
00008388
00008389
00008390
00008391
00008392
00008393
00008394
00008395
00008396
00008397
00008398
00008399
00008400
00008401
00008402
00008403
00008404
00008405
00008406
00008407
00008408
00008409
00008410
00008411
00008412
00008413
00008414
00008415
00008416
00008417
00008418
00008419
00008420
00008421
00008422
00008423
00008424
00008425
00008426
00008427
00008428
00008429
00008430
00008431
00008432
00008433
00008434
00008435
00008436
00008437
00008438
00008439
00008440
00008441
00008442
00008443
00008444
00008445
00008446
00008447
00008448
00008449
00008450
00008451
00008452
00008453
00008454
00008455
00008456
00008457
00008458
00008459
00008460
00008461
00008462
00008463
00008464
00008465
00008466
00008467
00008468
00008469
00008470
00008471
00008472
00008473
00008474
00008475
00008476
00008477
00008478
00008479
00008480
00008481
00008482
00008483
00008484
00008485
00008486
00008487
00008488
00008489
00008490
00008491
00008492
00008493
00008494
00008495
00008496
00008497
00008498
00008499
00008500
00008501
00008502
00008503
00008504
00008505
00008506
00008507
00008508
00008509
00008510
00008512
00008513
00008514
00008515
00008516
00008517
00008518
00008519
00008520
00008521
00008522
00008523
00008524
00008525
00008526
00008527
00008528
00008529
00008530
00008531
00008532
00008533
00008534
00008535
00008536
00008537
00008538
00008539
00008540
00008541
00008542
00008543
00008544
00008545
00008546
00008547
00008548
00008549
00008550
00008551
00008552
00008553
00008554
00008555
00008556
00008557
00008558
00008559
00008560
00008561
00008562
00008563
00008564
00008565
00008566
00008567
00008568
00008569
00008570
00008571
00008572
00008573
00008574
00008575
00008576
00008577
00008578
00008579
00008580
00008581
00008582
00008583
00008584
00008585
00008586
00008587
00008589
00008590
00008591
00008592
00008593
00008594
00008595
00008596
00008597
00008598
00008599
00008600
00008601
00008602
00008603
00008604
00008605
00008606
00008607
00008608
00008609
00008610
00008611
00008612
00008613
00008614
00008615
00008616
00008617
00008618
00008619
00008620
00008621
00008622
00008623
00008624
00008625
00008626
00008627
00008628
00008629
00008630
00008631
00008632
00008633
00008634
00008635
00008636
00008637
00008638
00008639
00008640
00008641
00008642
00008643
00008644
00008645
00008646
00008647
00008648
00008649
00008650
00008651
00008652
00008653
00008654
00008655
00008656
00008657
00008658
00008659
00008660
00008661
00008662
00008663
00008664
00008665
00008666
00008667
00008668
00008669
00008670
00008671
00008672
00008673
00008674
00008675
00008676
00008677
00008678
00008679
00008680
00008681
00008682
00008683
00008684
00008685
00008686
00008687
00008688
00008689
00008690
00008691
00008692
00008693
00008694
00008695
00008696
00008697
00008698
00008699
00008700
00008701
00008702
00008703
00008704
00008705
00008706
00008707
00008708
00008709
00008710
00008711
00008712
00008713
00008714
00008715
00008716
00008717
00008718
00008719
00008720
00008721
00008722
00008723
00008724
00008725
00008726
00008727
00008728
00008729
00008730
00008731
00008732
00008733
00008734
00008735
00008736
00008737
00008738
00008739
00008740
00008741
00008742
00008743
00008744
00008745
00008746
00008747
00008748
00008749
00008750
00008751
00008752
00008753
00008754
00008755
00008756
00008757
00008758
00008759
00008760
00008761
00008762
00008763
00008764
00008765
00008766
00008767
00008768
00008769
00008770
00008771
00008772
00008773
00008774
00008775
00008776
00008777
00008778
00008779
00008780
00008781
00008782
00008783
00008784
00008785
00008786
00008787
00008788
00008789
00008790
00008791
00008792
00008793
00008794
00008795
00008796
00008797
00008798
00008799
00008800
00008801
00008802
00008803
00008804
00008805
00008806
00008807
00008808
00008809
00008810
00008811
00008812
00008813
00008814
00008815
00008816
00008817
00008818
00008819
00008820
00008821
00008822
00008823
00008824
00008825
00008826
00008827
00008828
00008829
00008830
00008831
00008832
00008833
00008834
00008835
00008836
00008837
00008838
00008839
00008840
00008841
00008842
00008843
00008844
00008845
00008846
00008847
00008848
00008849
00008850
00008851
00008852
00008854
00008855
00008856
00008857
00008858
00008859
00008860
00008861
00008862
00008863
00008864
00008865
00008866
00008867
00008868
00008869
00008870
00008871
00008872
00008873
00008874
00008875
00008876
00008877
00008878
00008879
00008880
00008881
00008882
00008883
00008884
00008885
00008886
00008887
00008888
00008889
00008890
00008891
00008892
00008893
00008894
00008895
00008896
00008897
00008898
00008899
00008900
00008901
00008902
00008903
00008904
00008905
00008906
00008907
00008908
00008909
00008910
00008911
00008912
00008913
00008914
00008915
00008916
00008917
00008918
00008919
00008920
00008921
00008922
00008923
00008924
00008925
00008926
00008927
00008928
00008929
00008930
00008931
00008932
00008933
00008934
00008935
00008936
00008937
00008938
00008939
00008940
00008941
00008942
00008943
00008944
00008945
00008946
00008947
00008948
00008949
00008950
00008951
00008952
00008953
00008954
00008955
00008956
00008957
00008958
00008959
00008960
00008961
00008962
00008963
00008964
00008965
00008966
00008967
00008968
00008969
00008970
00008971
00008972
00008973
00008974
00008975
00008976
00008978
00008979
00008980
00008981
00008982
00008983
00008984
00008985
00008986
00008987
00008988
00008989
00008990
00008991
00008992
00008993
00008994
00008995
00008996
00008997
00008998
00008999
00009000
00009001
00009002
00009003
00009004
00009005
00009006
00009007
00009008
00009009
00009010
00009011
00009012
00009013
00009014
00009015
00009016
00009017
00009018
00009019
00009020
00009021
00009022
00009023
00009024
00009025
00009026
00009027
00009028
00009029
00009030
00009031
00009032
00009033
00009034
00009035
00009036
00009037
00009038
00009039
00009040
00009041
00009042
00009043
00009044
00009045
00009046
00009047
00009048
00009049
00009050
00009051
00009052
00009053
00009054
00009055
00009056
00009057
00009058
00009059
00009060
00009061
00009062
00009063
00009064
00009065
00009066
00009067
00009068
00009069
00009070
00009071
00009072
00009073
00009074
00009075
00009076
00009077
00009078
00009079
00009080
00009081
00009082
00009083
00009084
00009085
00009086
00009087
00009089
00009090
00009091
00009092
00009093
00009094
00009095
00009096
00009097
00009098
00009099
00009100
00009101
00009102
00009103
00009104
00009105
00009106
00009107
00009108
00009109
00009111
00009112
00009113
00009114
00009115
00009116
00009117
00009118
00009119
00009120
00009121
00009122
00009123
00009124
00009125
00009126
00009127
00009128
00009129
00009130
00009131
00009132
00009134
00009135
00009136
00009137
00009138
00009139
00009140
00009141
00009142
00009144
00009145
00009146
00009147
00009148
00009149
00009150
00009151
00009152
00009153
00009154
00009155
00009156
00009159
00009161
00009164
00009170
00009171
00009172
00009174
00009175
00009176
00009177
00009178
00009179
00009180
00009181
00009182
00009183
00009184
00009185
00009186
00009187
00009188
00009189
00009190
00009191
00009192
00009193
00009194
00009195
00009196
00009197
00009198
00009199
00009200
00009201
00009202
00009203
00009204
00009205
00009206
00009207
00009208
00009209
00009210
00009211
00009212
00009213
00009214
00009215
00009216
00009217
00009218
00009219
00009220
00009221
00009222
00009223
00009224
00009225
00009226
00009227
00009228
00009229
00009230
00009231
00009232
00009233
00009234
00009235
00009236
00009237
00009238
00009239
00009240
00009241
00009242
00009243
00009244
00009245
00009246
00009247
00009248
00009249
00009250
00009251
00009252
00009253
00009254
00009255
00009256
00009257
00009258
00009259
00009260
00009261
00009262
00009263
00009264
00009265
00009266
00009267
00009268
00009269
00009270
00009271
00009272
00009273
00009274
00009275
00009276
00009277
00009278
00009279
00009280
00009281
00009282
00009283
00009284
00009285
00009286
00009287
00009288
00009289
00009290
00009291
00009292
00009293
00009294
00009295
00009297
00009298
00009299
00009300
00009301
00009302
00009303
00009304
00009305
00009306
00009307
00009308
00009309
00009310
00009311
00009312
00009313
00009314
00009315
00009316
00009317
00009318
00009319
00009320
00009321
00009322
00009323
00009324
00009325
00009326
00009327
00009328
00009329
00009330
00009331
00009332
00009333
00009334
00009335
00009336
00009337
00009338
00009339
00009340
00009341
00009342
00009343
00009344
00009345
00009346
00009347
00009348
00009349
00009350
00009351
00009352
00009353
00009354
00009355
00009356
00009357
00009358
00009359
00009360
00009361
00009362
00009363
00009364
00009365
00009366
00009367
00009368
00009369
00009370
00009371
00009372
00009373
00009374
00009375
00009376
00009377
00009378
00009379
00009380
00009381
00009382
00009383
00009384
00009385
00009386
00009387
00009388
00009389
00009390
00009391
00009392
00009393
00009394
00009395
00009396
00009397
00009398
00009399
00009400
00009401
00009402
00009403
00009404
00009405
00009406
00009407
00009408
00009409
00009410
00009411
00009412
00009413
00009414
00009415
00009416
00009417
00009418
00009419
00009420
00009421
00009422
00009423
00009424
00009425
00009426
00009427
00009428
00009429
00009430
00009431
00009432
00009433
00009434
00009435
00009436
00009437
00009438
00009439
00009440
00009441
00009442
00009443
00009444
00009445
00009446
00009447
00009448
00009449
00009450
00009451
00009452
00009453
00009454
00009455
00009456
00009457
00009458
00009459
00009460
00009461
00009462
00009463
00009464
00009465
00009466
00009467
00009468
00009469
00009470
00009471
00009472
00009473
00009474
00009475
00009476
00009477
00009478
00009479
00009480
00009481
00009482
00009483
00009484
00009485
00009486
00009487
00009488
00009489
00009490
00009491
00009492
00009493
00009494
00009495
00009496
00009497
00009498
00009499
00009500
00009501
00009502
00009503
00009504
00009505
00009506
00009507
00009508
00009509
00009510
00009511
00009512
00009513
00009514
00009515
00009516
00009517
00009518
00009519
00009520
00009521
00009522
00009523
00009524
00009525
00009526
00009527
00009528
00009529
00009530
00009531
00009532
00009533
00009534
00009535
00009536
00009537
00009538
00009539
00009540
00009541
00009542
00009543
00009544
00009545
00009546
00009547
00009548
00009549
00009550
00009551
00009552
00009553
00009554
00009555
00009556
00009557
00009558
00009559
00009560
00009561
00009562
00009563
00009564
00009565
00009566
00009567
00009568
00009569
00009570
00009571
00009572
00009573
00009574
00009575
00009576
00009577
00009578
00009579
00009580
00009581
00009582
00009583
00009584
00009586
00009587
00009588
00009589
00009590
00009591
00009592
00009593
00009594
00009595
00009596
00009597
00009598
00009599
00009600
00009601
00009602
00009603
00009604
00009605
00009606
00009607
00009608
00009609
00009610
00009611
00009612
00009613
00009614
00009615
00009616
00009617
00009618
00009619
00009620
00009621
00009622
00009623
00009624
00009625
00009626
00009627
00009628
00009629
00009630
00009631
00009632
00009633
00009634
00009635
00009636
00009637
00009638
00009639
00009640
00009641
00009642
00009643
00009644
00009645
00009646
00009647
00009648
00009649
00009650
00009651
00009652
00009653
00009654
00009655
00009656
00009657
00009658
00009659
00009660
00009661
00009662
00009663
00009664
00009665
00009666
00009667
00009668
00009669
00009670
00009671
00009672
00009673
00009674
00009675
00009676
00009677
00009678
00009679
00009680
00009681
00009682
00009683
00009684
00009685
00009686
00009687
00009688
00009689
00009690
00009691
00009692
00009694
00009695
00009696
00009697
00009698
00009699
00009700
00009701
00009702
00009703
00009704
00009705
00009706
00009707
00009708
00009709
00009710
00009711
00009712
00009713
00009714
00009715
00009716
00009717
00009718
00009719
00009720
00009721
00009722
00009723
00009724
00009725
00009726
00009727
00009728
00009729
00009730
00009731
00009732
00009733
00009734
00009735
00009736
00009737
00009738
00009739
00009740
00009741
00009742
00009743
00009744
00009745
00009746
00009747
00009748
00009749
00009750
00009751
00009752
00009753
00009754
00009755
00009756
00009757
00009758
00009759
00009760
00009761
00009762
00009763
00009764
00009765
00009766
00009767
00009768
00009769
00009770
00009771
00009772
00009773
00009774
00009775
00009776
00009777
00009778
00009779
00009780
00009781
00009782
00009783
00009784
00009785
00009786
00009787
00009788
00009789
00009790
00009791
00009792
00009793
00009794
00009795
00009796
00009797
00009798
00009799
00009800
00009801
00009802
00009803
00009804
00009805
00009806
00009807
00009808
00009809
00009810
00009811
00009812
00009813
00009815
00009816
00009817
00009818
00009819
00009820
00009821
00009822
00009823
00009824
00009825
00009826
00009827
00009828
00009829
00009830
00009831
00009832
00009833
00009834
00009835
00009836
00009837
00009838
00009839
00009840
00009841
00009842
00009843
00009844
00009845
00009846
00009847
00009848
00009849
00009850
00009851
00009852
00009853
00009854
00009855
00009856
00009857
00009858
00009859
00009860
00009861
00009862
00009863
00009864
00009865
00009866
00009867
00009868
00009869
00009870
00009871
00009872
00009873
00009874
00009875
00009876
00009877
00009878
00009879
00009880
00009881
00009882
00009883
00009884
00009885
00009886
00009887
00009888
00009889
00009890
00009891
00009892
00009893
00009894
00009895
00009896
00009897
00009898
00009899
00009900
00009901
00009902
00009903
00009904
00009905
00009906
00009907
00009908
00009909
00009910
00009911
00009912
00009913
00009914
00009915
00009916
00009917
00009918
00009919
00009920
00009921
00009922
00009923
00009924
00009925
00009926
00009927
00009928
00009929
00009930
00009931
00009932
00009933
00009934
00009935
00009936
00009937
00009938
00009939
00009940
00009941
00009942
00009943
00009944
00009945
00009946
00009947
00009948
00009949
00009950
00009951
00009952
00009953
00009954
00009955
00009956
00009957
00009958
00009959
00009960
00009961
00009962
00009963
00009964
00009965
00009966
00009967
00009968
00009969
00009970
00009971
00009972
00009973
00009974
00009975
00009976
00009977
00009978
00009979
00009980
00009981
00009982
00009983
00009984
00009985
00009986
00009987
00009988
00009989
00009990
00009991
00009992
00009993
00009994
00009995
00009996
00009997
00009998
00009999
00010000
00010001
00010002
00010003
00010004
00010005
00010006
00010007
00010008
00010009
00010010
00010011
00010012
00010013
00010014
00010015
00010016
00010017
00010018
00010019
00010020
00010021
00010022
00010023
00010024
00010025
00010026
00010027
00010028
00010029
00010030
00010031
00010032
00010033
00010034
00010035
00010036
00010037
00010038
00010039
00010040
00010041
00010042
00010043
00010044
00010045
00010046
00010047
00010048
00010049
00010050
00010051
00010052
00010053
00010054
00010055
00010056
00010057
00010058
00010059
00010060
00010061
00010062
00010063
00010064
00010065
00010066
00010067
00010068
00010069
00010070
00010071
00010072
00010073
00010074
00010075
00010076
00010077
00010078
00010079
00010080
00010081
00010082
00010083
00010084
00010085
00010086
00010087
00010088
00010089
00010090
00010091
00010092
00010093
00010094
00010095
00010096
00010097
00010098
00010099
00010100
00010101
00010102
00010103
00010104
00010105
00010106
00010107
00010108
00010109
00010110
00010111
00010112
00010113
00010114
00010115
00010116
00010117
00010118
00010119
00010120
00010121
00010122
00010123
00010124
00010125
00010126
00010127
00010128
00010129
00010130
00010131
00010132
00010133
00010134
00010135
00010136
00010137
00010138
00010139
00010140
00010141
00010142
00010143
00010144
00010145
00010146
00010147
00010148
00010149
00010150
00010151
00010152
00010153
00010154
00010155
00010156
00010157
00010158
00010159
00010160
00010161
00010162
00010163
00010164
00010165
00010166
00010167
00010168
00010169
00010170
00010171
00010172
00010173
00010174
00010176
00010177
00010178
00010179
00010180
00010181
00010182
00010183
00010184
00010185
00010186
00010187
00010188
00010189
00010190
00010191
00010192
00010193
00010194
00010195
00010196
00010197
00010198
00010199
00010200
00010201
00010202
00010203
00010204
00010205
00010206
00010207
00010208
00010209
00010210
00010211
00010212
00010213
00010214
00010215
00010216
00010217
00010218
00010219
00010220
00010221
00010222
00010223
00010224
00010225
00010226
00010227
00010228
00010229
00010230
00010231
00010232
00010233
00010234
00010235
00010236
00010237
00010238
00010239
00010240
00010241
00010242
00010243
00010244
00010245
00010246
00010247
00010248
00010250
00010251
00010252
00010253
00010254
00010255
00010256
00010257
00010258
00010259
00010260
00010261
00010262
00010263
00010264
00010265
00010266
00010267
00010268
00010269
00010270
00010271
00010272
00010273
00010274
00010275
00010276
00010277
00010278
00010279
00010280
00010281
00010282
00010283
00010284
00010285
00010286
00010287
00010288
00010289
00010290
00010291
00010292
00010293
00010294
00010295
00010296
00010297
00010298
00010299
00010300
00010301
00010302
00010303
00010304
00010305
00010306
00010307
00010308
00010309
00010310
00010311
00010312
00010313
00010314
00010315
00010316
00010317
00010318
00010319
00010320
00010321
00010322
00010323
00010324
00010325
00010326
00010327
00010328
00010329
00010330
00010331
00010332
00010333
00010334
00010335
00010336
00010337
00010338
00010339
00010340
00010341
00010342
00010343
00010344
00010345
00010346
00010347
00010348
00010349
00010350
00010351
00010352
00010353
00010354
00010355
00010356
00010357
00010358
00010359
00010360
00010361
00010362
00010363
00010364
00010365
00010366
00010367
00010368
00010369
00010370
00010371
00010372
00010373
00010374
00010375
00010376
00010377
00010378
00010379
00010380
00010381
00010382
00010383
00010384
00010385
00010386
00010387
00010388
00010389
00010390
00010391
00010392
00010393
00010394
00010395
00010396
00010397
00010398
00010399
00010400
00010401
00010402
00010403
00010404
00010405
00010406
00010407
00010408
00010409
00010410
00010411
00010412
00010413
00010414
00010415
00010416
00010417
00010418
00010419
00010420
00010421
00010422
00010423
00010424
00010425
00010426
00010427
00010428
00010429
00010430
00010431
00010432
00010433
00010434
00010435
00010436
00010437
00010438
00010439
00010440
00010441
00010442
00010443
00010444
00010445
00010446
00010447
00010448
00010449
00010450
00010451
00010452
00010453
00010454
00010455
00010456
00010457
00010458
00010459
00010460
00010461
00010462
00010463
00010464
00010465
00010466
00010467
00010468
00010469
00010470
00010471
00010472
00010473
00010474
00010475
00010476
00010477
00010478
00010479
00010480
00010481
00010482
00010483
00010484
00010485
00010486
00010487
00010488
00010489
00010490
00010491
00010492
00010493
00010494
00010495
00010496
00010497
00010498
00010499
00010500
00010501
00010502
00010503
00010504
00010505
00010506
00010507
00010508
00010509
00010510
00010511
00010512
00010513
00010514
00010515
00010516
00010517
00010518
00010519
00010520
00010521
00010522
00010523
00010524
00010525
00010526
00010527
00010528
00010529
00010530
00010531
00010532
00010533
00010534
00010535
00010536
00010537
00010538
00010539
00010540
00010541
00010542
00010543
00010544
00010545
00010546
00010547
00010548
00010549
00010550
00010551
00010552
00010553
00010554
00010555
00010556
00010557
00010558
00010559
00010560
00010561
00010562
00010563
00010564
00010565
00010566
00010567
00010568
00010569
00010570
00010571
00010572
00010573
00010574
00010575
00010576
00010577
00010578
00010579
00010580
00010581
00010582
00010583
00010584
00010585
00010586
00010587
00010588
00010589
00010590
00010591
00010592
00010593
00010594
00010595
00010596
00010597
00010598
00010599
00010600
00010601
00010602
00010603
00010604
00010605
00010606
00010607
00010608
00010609
00010610
00010611
00010612
00010613
00010614
00010615
00010616
00010617
00010618
00010619
00010620
00010621
00010622
00010623
00010624
00010625
00010626
00010627
00010628
00010629
00010630
00010631
00010632
00010633
00010634
00010635
00010636
00010637
00010638
00010639
00010640
00010641
00010642
00010643
00010644
00010645
00010646
00010647
00010648
00010649
00010650
00010651
00010652
00010653
00010654
00010655
00010656
00010657
00010658
00010659
00010660
00010661
00010662
00010663
00010664
00010665
00010666
00010667
00010668
00010669
00010670
00010671
00010672
00010673
00010674
00010675
00010676
00010677
00010678
00010679
00010680
00010681
00010682
00010683
00010684
00010685
00010686
00010687
00010688
00010689
00010690
00010691
00010692
00010693
00010694
00010695
00010696
00010697
00010698
00010699
00010700
00010701
00010702
00010703
00010704
00010705
00010706
00010707
00010708
00010709
00010710
00010711
00010712
00010713
00010714
00010715
00010716
00010717
00010718
00010719
00010720
00010721
00010722
00010723
00010724
00010725
00010726
00010727
00010728
00010729
00010730
00010731
00010732
00010733
00010734
00010735
00010736
00010737
00010738
00010739
00010740
00010741
00010742
00010743
00010744
00010745
00010746
00010747
00010748
00010749
00010750
00010751
00010752
00010753
00010754
00010755
00010756
00010757
00010758
00010759
00010760
00010761
00010762
00010763
00010764
00010765
00010766
00010767
00010768
00010769
00010770
00010771
00010772
00010773
00010774
00010775
00010776
00010777
00010778
00010779
00010780
00010781
00010782
00010783
00010784
00010785
00010786
00010787
00010788
00010789
00010790
00010791
00010792
00010793
00010794
00010795
00010796
00010797
00010798
00010799
00010800
00010801
00010802
00010803
00010804
00010805
00010806
00010807
00010808
00010809
00010810
00010811
00010812
00010813
00010814
00010815
00010816
00010817
00010818
00010819
00010820
00010821
00010822
00010823
00010824
00010825
00010826
00010827
00010828
00010829
00010830
00010831
00010832
00010833
00010834
00010835
00010836
00010837
00010838
00010839
00010840
00010841
00010842
00010843
00010844
00010845
00010846
00010847
00010848
00010849
00010850
00010851
00010852
00010853
00010854
00010855
00010856
00010857
00010858
00010859
00010860
00010861
00010862
00010863
00010864
00010865
00010866
00010867
00010868
00010869
00010870
00010871
00010872
00010873
00010874
00010875
00010876
00010877
00010878
00010879
00010880
00010881
00010882
00010883
00010884
00010885
00010886
00010887
00010888
00010889
00010890
00010891
00010892
00010893
00010894
00010895
00010896
00010897
00010898
00010899
00010900
00010901
00010902
00010903
00010904
00010905
00010906
00010907
00010908
00010909
00010910
00010911
00010912
00010913
00010914
00010915
00010916
00010917
00010918
00010919
00010920
00010921
00010922
00010923
00010924
00010925
00010926
00010927
00010928
00010929
00010930
00010931
00010932
00010933
00010934
00010935
00010936
00010937
00010938
00010939
00010940
00010941
00010942
00010943
00010944
00010945
00010946
00010947
00010948
00010949
00010950
00010951
00010952
00010953
00010954
00010955
00010956
00010957
00010958
00010959
00010960
00010961
00010962
00010963
00010964
00010965
00010966
00010967
00010968
00010969
00010970
00010971
00010972
00010973
00010974
00010975
00010976
00010977
00010978
00010979
00010980
00010981
00010982
00010983
00010984
00010985
00010986
00010987
00010988
00010989
00010990
00010991
00010992
00010993
00010994
00010995
00010996
00010997
00010998
00011000
00011001
00011002
00011003
00011004
00011005
00011006
00011007
00011008
00011009
00011010
00011011
00011012
00011013
00011014
00011015
00011016
00011017
00011018
00011019
00011020
00011021
00011022
00011023
00011024
00011025
00011026
00011027
00011028
00011029
00011030
00011031
00011032
00011033
00011034
00011035
00011036
00011037
00011038
00011039
00011040
00011041
00011042
00011043
00011044
00011045
00011046
00011047
00011048
00011049
00011050
00011051
00011052
00011053
00011054
00011055
00011056
00011057
00011058
00011059
00011060
00011061
00011062
00011063
00011064
00011065
00011066
00011067
00011068
00011069
00011070
00011071
00011072
00011073
00011074
00011075
00011076
00011077
00011078
00011079
00011080
00011081
00011082
00011083
00011084
00011085
00011086
00011087
00011088
00011089
00011090
00011091
00011092
00011093
00011094
00011095
00011096
00011097
00011098
00011099
00011100
00011101
00011102
00011103
00011104
00011105
00011106
00011107
00011108
00011109
00011110
00011111
00011112
00011113
00011114
00011115
00011116
00011118
00011119
00011120
00011121
00011122
00011123
00011124
00011125
00011126
00011127
00011128
00011129
00011130
00011131
00011132
00011133
00011134
00011135
00011136
00011137
00011138
00011139
00011140
00011141
00011142
00011143
00011144
00011145
00011146
00011147
00011148
00011149
00011150
00011151
00011152
00011153
00011154
00011155
00011156
00011157
00011158
00011159
00011160
00011161
00011162
00011163
00011164
00011165
00011166
00011167
00011168
00011169
00011170
00011171
00011172
00011173
00011174
00011175
00011176
00011177
00011178
00011179
00011180
00011181
00011182
00011183
00011184
00011185
00011186
00011187
00011188
00011189
00011190
00011191
00011192
00011193
00011194
00011195
00011196
00011197
00011198
00011199
00011200
00011201
00011202
00011203
00011204
00011205
00011206
00011207
00011208
00011209
00011210
00011211
00011212
00011213
00011214
00011215
00011216
00011217
00011218
00011219
00011220
00011221
00011222
00011223
00011224
00011225
00011226
00011227
00011228
00011229
00011230
00011231
00011232
00011233
00011234
00011235
00011236
00011237
00011238
00011239
00011240
00011241
00011242
00011243
00011244
00011245
00011246
00011247
00011248
00011249
00011250
00011251
00011252
00011253
00011254
00011255
00011256
00011257
00011258
00011259
00011260
00011261
00011262
00011263
00011264
00011265
00011266
00011267
00011268
00011269
00011270
00011271
00011272
00011273
00011274
00011275
00011276
00011277
00011278
00011279
00011280
00011281
00011282
00011283
00011284
00011285
00011286
00011287
00011288
00011289
00011290
00011291
00011292
00011293
00011294
00011295
00011296
00011297
00011298
00011299
00011300
00011301
00011302
00011303
00011304
00011305
00011306
00011307
00011308
00011309
00011310
00011311
00011312
00011313
00011314
00011315
00011316
00011317
00011318
00011319
00011320
00011321
00011322
00011323
00011324
00011325
00011326
00011327
00011328
00011329
00011330
00011331
00011332
00011333
00011334
00011335
00011336
00011337
00011338
00011339
00011340
00011341
00011342
00011343
00011344
00011345
00011346
00011347
00011348
00011349
00011350
00011351
00011352
00011353
00011354
00011355
00011356
00011357
00011358
00011359
00011360
00011361
00011362
00011363
00011364
00011365
00011366
00011367
00011368
00011369
00011370
00011371
00011372
00011373
00011374
00011375
00011376
00011377
00011378
00011379
00011380
00011381
00011382
00011383
00011384
00011385
00011386
00011387
00011388
00011389
00011390
00011391
00011392
00011393
00011394
00011395
00011396
00011397
00011398
00011399
00011401
00011402
00011403
00011404
00011405
00011406
00011407
00011408
00011410
00011411
00011412
00011413
00011414
00011415
00011416
00011417
00011418
00011419
00011420
00011421
00011422
00011423
00011424
00011425
00011426
00011427
00011428
00011429
00011430
00011431
00011432
00011433
00011434
00011435
00011436
00011437
00011438
00011439
00011440
00011441
00011442
00011443
00011444
00011445
00011446
00011447
00011448
00011449
00011450
00011451
00011452
00011453
00011454
00011455
00011456
00011457
00011458
00011459
00011460
00011461
00011462
00011463
00011464
00011465
00011466
00011467
00011468
00011469
00011470
00011471
00011472
00011473
00011474
00011475
00011476
00011477
00011478
00011479
00011480
00011481
00011482
00011483
00011484
00011485
00011486
00011487
00011488
00011489
00011490
00011491
00011492
00011493
00011494
00011495
00011496
00011497
00011498
00011499
00011500
00011501
00011502
00011503
00011504
00011505
00011506
00011507
00011508
00011509
00011510
00011511
00011513
00011514
00011515
00011516
00011517
00011518
00011519
00011520
00011521
00011522
00011523
00011524
00011525
00011526
00011527
00011528
00011529
00011530
00011531
00011532
00011533
00011534
00011535
00011536
00011537
00011538
00011539
00011540
00011541
00011542
00011543
00011544
00011545
00011546
00011547
00011548
00011549
00011550
00011551
00011552
00011553
00011554
00011555
00011556
00011557
00011558
00011559
00011560
00011561
00011562
00011563
00011564
00011565
00011566
00011567
00011568
00011569
00011570
00011571
00011572
00011573
00011574
00011575
00011576
00011577
00011578
00011579
00011580
00011581
00011582
00011583
00011584
00011585
00011586
00011587
00011588
00011589
00011590
00011591
00011592
00011593
00011594
00011595
00011597
00011598
00011599
00011600
00011601
00011602
00011603
00011604
00011605
00011606
00011607
00011608
00011609
00011610
00011611
00011612
00011613
00011614
00011615
00011616
00011617
00011618
00011619
00011620
00011621
00011622
00011623
00011624
00011625
00011626
00011627
00011628
00011629
00011630
00011631
00011632
00011633
00011634
00011635
00011636
00011637
00011638
00011639
00011640
00011641
00011642
00011643
00011644
00011645
00011646
00011647
00011648
00011649
00011650
00011651
00011652
00011653
00011654
00011655
00011656
00011657
00011658
00011659
00011660
00011661
00011662
00011663
00011664
00011665
00011666
00011667
00011668
00011669
00011670
00011671
00011672
00011673
00011674
00011675
00011676
00011677
00011678
00011679
00011680
00011681
00011682
00011683
00011684
00011685
00011686
00011687
00011688
00011689
00011690
00011691
00011692
00011693
00011694
00011695
00011696
00011697
00011698
00011699
00011700
00011701
00011702
00011703
00011704
00011705
00011706
00011707
00011708
00011709
00011710
00011711
00011712
00011713
00011714
00011715
00011716
00011717
00011718
00011719
00011720
00011721
00011722
00011723
00011724
00011725
00011726
00011727
00011728
00011729
00011730
00011731
00011732
00011733
00011734
00011735
00011736
00011737
00011738
00011739
00011740
00011741
00011742
00011743
00011744
00011745
00011746
00011747
00011748
00011749
00011750
00011751
00011752
00011753
00011754
00011755
00011756
00011757
00011758
00011759
00011760
00011761
00011762
00011763
00011764
00011765
00011766
00011767
00011768
00011769
00011770
00011771
00011772
00011773
00011774
00011775
00011776
00011777
00011778
00011779
00011780
00011781
00011782
00011783
00011784
00011785
00011786
00011787
00011788
00011789
00011790
00011791
00011792
00011793
00011794
00011795
00011796
00011797
00011798
00011799
00011800
00011801
00011802
00011803
00011804
00011805
00011806
00011807
00011808
00011809
00011810
00011811
00011812
00011813
00011814
00011815
00011816
00011818
00011819
00011820
00011821
00011822
00011823
00011824
00011825
00011826
00011827
00011828
00011829
00011830
00011831
00011832
00011833
00011834
00011835
00011836
00011837
00011838
00011839
00011840
00011841
00011842
00011843
00011844
00011845
00011846
00011847
00011848
00011849
00011850
00011851
00011852
00011853
00011854
00011855
00011856
00011857
00011858
00011859
00011860
00011861
00011862
00011863
00011864
00011865
00011866
00011867
00011868
00011869
00011870
00011871
00011872
00011873
00011874
00011875
00011876
00011877
00011878
00011879
00011880
00011881
00011882
00011883
00011884
00011885
00011886
00011887
00011888
00011889
00011890
00011891
00011892
00011893
00011894
00011895
00011896
00011897
00011898
00011899
00011900
00011901
00011902
00011903
00011904
00011905
00011906
00011907
00011908
00011909
00011910
00011911
00011912
00011913
00011914
00011915
00011916
00011917
00011918
00011919
00011920
00011921
00011922
00011923
00011924
00011925
00011926
00011927
00011928
00011929
00011930
00011931
00011932
00011933
00011934
00011935
00011936
00011937
00011938
00011939
00011940
00011941
00011942
00011943
00011944
00011945
00011946
00011947
00011948
00011949
00011950
00011951
00011952
00011953
00011954
00011955
00011956
00011957
00011958
00011959
00011960
00011961
00011962
00011963
00011964
00011965
00011966
00011967
00011968
00011969
00011970
00011971
00011972
00011973
00011974
00011975
00011976
00011977
00011978
00011979
00011980
00011981
00011982
00011983
00011984
00011985
00011986
00011987
00011988
00011989
00011990
00011991
00011992
00011993
00011994
00011995
00011996
00011997
00011998
00011999
00012000
00012001
00012002
00012003
00012004
00012005
00012006
00012007
00012008
00012009
00012010
00012011
00012012
00012013
00012014
00012015
00012016
00012017
00012018
00012019
00012020
00012021
00012022
00012023
00012024
00012025
00012026
00012027
00012028
00012029
00012030
00012031
00012032
00012033
00012034
00012035
00012036
00012037
00012038
00012039
00012040
00012041
00012042
00012043
00012044
00012045
00012046
00012047
00012048
00012049
00012050
00012051
00012052
00012053
00012054
00012055
00012056
00012057
00012058
00012059
00012060
00012061
00012062
00012063
00012064
00012065
00012066
00012067
00012068
00012069
00012070
00012071
00012072
00012073
00012074
00012075
00012076
00012077
00012078
00012079
00012080
00012081
00012083
00012084
00012085
00012086
00012087
00012088
00012089
00012090
00012091
00012092
00012093
00012094
00012095
00012096
00012097
00012098
00012099
00012100
00012101
00012102
00012103
00012104
00012105
00012106
00012107
00012108
00012110
00012111
00012112
00012113
00012114
00012115
00012116
00012117
00012118
00012119
00012120
00012121
00012122
00012123
00012124
00012125
00012126
00012127
00012128
00012129
00012130
00012131
00012132
00012133
00012134
00012135
00012136
00012137
00012138
00012139
00012140
00012141
00012142
00012143
00012145
00012146
00012147
00012148
00012149
00012150
00012151
00012152
00012153
00012154
00012155
00012156
00012157
00012158
00012159
00012160
00012161
00012162
00012163
00012164
00012165
00012166
00012167
00012168
00012169
00012170
00012171
00012172
00012173
00012174
00012175
00012176
00012177
00012178
00012179
00012180
00012181
00012182
00012183
00012184
00012185
00012186
00012187
00012188
00012189
00012190
00012191
00012192
00012193
00012194
00012195
00012196
00012197
00012198
00012199
00012200
00012201
00012202
00012203
00012204
00012205
00012206
00012207
00012208
00012209
00012210
00012211
00012212
00012213
00012214
00012215
00012216
00012217
00012218
00012219
00012220
00012221
00012222
00012223
00012224
00012225
00012226
00012227
00012228
00012229
00012230
00012231
00012232
00012233
00012234
00012235
00012236
00012237
00012238
00012239
00012240
00012241
00012242
00012243
00012244
00012245
00012246
00012247
00012248
00012249
00012250
00012251
00012252
00012253
00012254
00012255
00012256
00012257
00012258
00012259
00012260
00012261
00012262
00012263
00012264
00012265
00012266
00012267
00012268
00012269
00012270
00012271
00012272
00012273
00012274
00012275
00012276
00012277
00012278
00012279
00012280
00012281
00012282
00012283
00012284
00012285
00012286
00012287
00012288
00012289
00012290
00012291
00012292
00012293
00012294
00012295
00012296
00012297
00012298
00012299
00012300
00012301
00012302
00012303
00012304
00012305
00012306
00012307
00012308
00012309
00012310
00012311
00012312
00012313
00012314
00012315
00012316
00012317
00012318
00012319
00012320
00012321
00012322
00012323
00012324
00012325
00012326
00012327
00012328
00012329
00012330
00012331
00012332
00012333
00012334
00012336
00012337
00012338
00012339
00012340
00012341
00012343
00012344
00012345
00012346
00012347
00012348
00012349
00012350
00012351
00012352
00012353
00012354
00012358
00012359
00012360
00012361
00012362
00012363
00012364
00012366
00012367
00012368
00012369
00012370
00012371
00012372
00012373
00012374
00012375
00012376
00012377
00012378
00012379
00012380
00012381
00012382
00012383
00012384
00012385
00012386
00012387
00012388
00012389
00012390
00012391
00012392
00012393
00012394
00012395
00012396
00012397
00012398
00012399
00012400
00012401
00012402
00012403
00012404
00012405
00012406
00012407
00012408
00012409
00012410
00012411
00012412
00012413
00012414
00012415
00012416
00012417
00012418
00012419
00012420
00012421
00012422
00012423
00012424
00012425
00012426
00012427
00012428
00012429
00012430
00012431
00012432
00012433
00012434
00012435
00012436
00012437
00012438
00012439
00012440
00012441
00012442
00012443
00012444
00012445
00012446
00012447
00012448
00012449
00012450
00012452
00012453
00012454
00012455
00012456
00012457
00012458
00012459
00012460
00012461
00012462
00012463
00012464
00012465
00012466
00012467
00012468
00012469
00012470
00012471
00012472
00012473
00012474
00012475
00012476
00012477
00012478
00012479
00012480
00012481
00012482
00012483
00012484
00012485
00012486
00012487
00012488
00012489
00012490
00012491
00012492
00012493
00012494
00012495
00012496
00012497
00012499
00012500
00012501
00012502
00012503
00012504
00012505
00012506
00012509
00012510
00012511
00012514
00012516
00012517
00012519
00012521
00012523
00012524
00012526
00012527
00012528
00012529
00012530
00012531
00012532
00012533
00012534
00012535
00012536
00012537
00012538
00012540
00012541
00012543
00012544
00012545
00012546
00012547
00012548
00012549
00012550
00012551
00012552
00012553
00012554
00012555
00012556
00012557
00012558
00012559
00012560
00012561
00012562
00012563
00012564
00012565
00012566
00012567
00012568
00012569
00012570
00012571
00012572
00012573
00012574
00012575
00012576
00012577
00012578
00012579
00012580
00012581
00012582
00012583
00012584
00012585
00012586
00012587
00012588
00012589
00012590
00012591
00012592
00012593
00012594
00012595
00012596
00012597
00012598
00012599
00012600
00012601
00012602
00012603
00012604
00012605
00012606
00012607
00012608
00012609
00012610
00012611
00012612
00012613
00012614
00012615
00012616
00012617
00012618
00012619
00012620
00012621
00012622
00012623
00012624
00012625
00012626
00012627
00012628
00012629
00012630
00012631
00012632
00012633
00012634
00012635
00012636
00012637
00012638
00012639
00012640
00012641
00012642
00012643
00012644
00012646
00012647
00012648
00012649
00012650
00012651
00012652
00012653
00012654
00012655
00012656
00012657
00012658
00012659
00012660
00012661
00012662
00012663
00012664
00012665
00012666
00012667
00012668
00012669
00012670
00012671
00012672
00012673
00012674
00012675
00012676
00012677
00012678
00012679
00012681
00012682
00012683
00012684
00012685
00012686
00012687
00012688
00012689
00012690
00012691
00012692
00012693
00012694
00012695
00012696
00012697
00012698
00012699
00012700
00012701
00012702
00012703
00012704
00012705
00012706
00012707
00012708
00012709
00012710
00012711
00012712
00012713
00012714
00012715
00012716
00012717
00012718
00012719
00012720
00012721
00012722
00012723
00012724
00012726
00012727
00012728
00012729
00012730
00012731
00012732
00012733
00012734
00012735
00012736
00012737
00012738
00012739
00012740
00012741
00012742
00012743
00012744
00012746
00012747
00012748
00012749
00012750
00012751
00012752
00012753
00012754
00012755
00012756
00012758
00012759
00012760
00012761
00012762
00012763
00012764
00012765
00012766
00012767
00012768
00012769
00012770
00012771
00012772
00012774
00012775
00012776
00012777
00012778
00012779
00012780
00012781
00012782
00012783
00012784
00012785
00012786
00012787
00012788
00012789
00012790
00012791
00012792
00012793
00012794
00012795
00012796
00012797
00012798
00012799
00012800
00012801
00012802
00012803
00012804
00012805
00012806
00012807
00012808
00012809
00012810
00012811
00012812
00012813
00012814
00012815
00012816
00012817
00012818
00012819
00012820
00012821
00012822
00012823
00012824
00012825
00012826
00012827
00012828
00012829
00012830
00012831
00012832
00012833
00012834
00012835
00012836
00012837
00012838
00012839
00012840
00012841
00012842
00012843
00012844
00012845
00012846
00012847
00012848
00012849
00012850
00012851
00012852
00012853
00012854
00012855
00012856
00012857
00012858
00012859
00012860
00012861
00012862
00012863
00012864
00012865
00012866
00012867
00012868
00012869
00012870
00012871
00012872
00012873
00012874
00012875
00012876
00012877
00012878
00012879
00012880
00012881
00012882
00012883
00012884
00012885
00012886
00012887
00012888
00012889
00012890
00012891
00012892
00012893
00012894
00012895
00012896
00012897
00012898
00012899
00012900
00012901
00012902
00012903
00012904
00012905
00012906
00012907
00012908
00012909
00012910
00012911
00012912
00012913
00012914
00012915
00012916
00012917
00012918
00012919
00012920
00012921
00012922
00012923
00012924
00012925
00012926
00012927
00012928
00012929
00012930
00012931
00012932
00012933
00012934
00012935
00012936
00012937
00012938
00012939
00012940
00012941
00012942
00012943
00012944
00012945
00012946
00012947
00012948
00012949
00012950
00012951
00012952
00012953
00012955
00012956
00012957
00012958
00012959
00012960
00012961
00012962
00012963
00012964
00012965
00012966
00012967
00012968
00012969
00012970
00012971
00012972
00012973
00012974
00012975
00012976
00012977
00012978
00012979
00012980
00012981
00012982
00012984
00012985
00012986
00012987
00012988
00012989
00012990
00012991
00012992
00012993
00012994
00012995
00012996
00012997
00012998
00012999
00013000
00013001
00013002
00013004
00013006
00013007
00013008
00013009
00013010
00013011
00013012
00013013
00013014
00013015
00013016
00013017
00013018
00013019
00013020
00013021
00013022
00013023
00013024
00013025
00013027
00013028
00013029
00013030
00013031
00013032
00013033
00013034
00013035
00013036
00013037
00013038
00013039
00013040
00013041
00013042
00013043
00013044
00013045
00013046
00013047
00013048
00013049
00013050
00013051
00013052
00013053
00013054
00013055
00013056
00013057
00013058
00013059
00013060
00013061
00013062
00013063
00013064
00013065
00013066
00013067
00013068
00013069
00013070
00013071
00013072
00013073
00013074
00013075
00013076
00013077
00013078
00013079
00013080
00013081
00013082
00013083
00013084
00013085
00013086
00013087
00013088
00013089
00013090
00013091
00013092
00013093
00013094
00013095
00013096
00013097
00013098
00013099
00013100
00013102
00013103
00013104
00013105
00013106
00013107
00013108
00013109
00013110
00013111
00013112
00013113
00013114
00013115
00013116
00013117
00013118
00013119
00013120
00013121
00013122
00013123
00013124
00013125
00013126
00013127
00013128
00013129
00013130
00013131
00013132
00013133
00013134
00013135
00013136
00013137
00013138
00013139
00013140
00013141
00013142
00013143
00013144
00013145
00013146
00013147
00013148
00013149
00013150
00013151
00013152
00013153
00013154
00013155
00013156
00013157
00013158
00013159
00013160
00013161
00013162
00013163
00013164
00013165
00013166
00013167
00013168
00013169
00013170
00013171
00013174
00013175
00013176
00013177
00013178
00013179
00013180
00013181
00013182
00013183
00013184
00013185
00013186
00013187
00013188
00013189
00013190
00013191
00013192
00013193
00013194
00013195
00013196
00013197
00013198
00013199
00013200
00013201
00013202
00013203
00013204
00013205
00013206
00013207
00013208
00013209
00013210
00013211
00013212
00013213
00013214
00013215
00013216
00013217
00013218
00013219
00013221
00013222
00013223
00013224
00013225
00013226
00013227
00013228
00013229
00013230
00013231
00013232
00013233
00013234
00013235
00013236
00013237
00013238
00013239
00013240
00013241
00013242
00013243
00013244
00013245
00013246
00013247
00013248
00013249
00013250
00013251
00013252
00013253
00013254
00013255
00013256
00013257
00013258
00013259
00013260
00013261
00013262
00013264
00013265
00013266
00013267
00013268
00013269
00013270
00013271
00013272
00013273
00013274
00013275
00013276
00013277
00013278
00013279
00013280
00013281
00013282
00013283
00013284
00013285
00013286
00013287
00013288
00013289
00013290
00013291
00013292
00013293
00013294
00013295
00013296
00013297
00013298
00013299
00013300
00013301
00013302
00013303
00013304
00013305
00013306
00013307
00013308
00013309
00013310
00013311
00013312
00013313
00013314
00013315
00013316
00013317
00013318
00013319
00013320
00013321
00013322
00013323
00013324
00013325
00013326
00013327
00013328
00013329
00013330
00013331
00013332
00013333
00013334
00013335
00013336
00013337
00013338
00013339
00013340
00013341
00013342
00013343
00013344
00013345
00013346
00013347
00013348
00013349
00013350
00013351
00013352
00013353
00013354
00013355
00013356
00013357
00013358
00013359
00013360
00013361
00013362
00013363
00013364
00013365
00013366
00013367
00013368
00013369
00013370
00013371
00013372
00013373
00013374
00013375
00013376
00013377
00013378
00013379
00013380
00013381
00013382
00013383
00013384
00013385
00013386
00013387
00013388
00013389
00013390
00013391
00013392
00013393
00013394
00013395
00013396
00013397
00013398
00013399
00013400
00013401
00013402
00013403
00013404
00013405
00013406
00013407
00013408
00013409
00013410
00013411
00013412
00013413
00013414
00013415
00013416
00013417
00013418
00013419
00013420
00013421
00013422
00013423
00013424
00013425
00013426
00013427
00013428
00013429
00013430
00013431
00013432
00013433
00013434
00013435
00013436
00013437
00013438
00013439
00013440
00013441
00013442
00013443
00013444
00013445
00013446
00013447
00013448
00013449
00013450
00013451
00013452
00013453
00013454
00013455
00013456
00013457
00013458
00013459
00013460
00013461
00013462
00013463
00013464
00013465
00013466
00013467
00013468
00013469
00013470
00013471
00013472
00013473
00013474
00013475
00013476
00013477
00013478
00013479
00013480
00013481
00013482
00013483
00013484
00013485
00013486
00013487
00013488
00013489
00013490
00013491
00013492
00013493
00013494
00013495
00013496
00013497
00013498
00013499
00013500
00013501
00013502
00013503
00013504
00013505
00013506
00013507
00013508
00013509
00013510
00013511
00013512
00013513
00013514
00013515
00013516
00013517
00013518
00013519
00013520
00013521
00013522
00013523
00013524
00013525
00013526
00013527
00013528
00013529
00013530
00013531
00013532
00013533
00013534
00013535
00013536
00013537
00013538
00013539
00013540
00013541
00013542
00013543
00013544
00013545
00013546
00013547
00013548
00013549
00013550
00013551
00013552
00013553
00013554
00013555
00013556
00013557
00013558
00013559
00013560
00013561
00013563
00013564
00013565
00013566
00013567
00013568
00013569
00013570
00013571
00013572
00013573
00013574
00013575
00013576
00013577
00013578
00013579
00013580
00013581
00013582
00013583
00013584
00013586
00013587
00013588
00013589
00013590
00013591
00013592
00013593
00013594
00013595
00013596
00013597
00013598
00013599
00013600
00013601
00013602
00013603
00013604
00013605
00013606
00013607
00013608
00013609
00013610
00013611
00013612
00013613
00013614
00013615
00013616
00013617
00013618
00013619
00013620
00013621
00013622
00013623
00013624
00013625
00013626
00013627
00013628
00013629
00013630
00013631
00013632
00013633
00013634
00013635
00013636
00013637
00013638
00013639
00013640
00013641
00013642
00013643
00013644
00013645
00013646
00013647
00013648
00013649
00013650
00013651
00013652
00013653
00013654
00013655
00013656
00013657
00013658
00013659
00013660
00013661
00013662
00013663
00013664
00013665
00013666
00013667
00013668
00013669
00013670
00013671
00013672
00013673
00013674
00013675
00013676
00013677
00013678
00013679
00013680
00013681
00013682
00013683
00013684
00013685
00013686
00013687
00013688
00013689
00013690
00013691
00013692
00013693
00013694
00013695
00013696
00013697
00013698
00013699
00013700
00013701
00013702
00013703
00013704
00013705
00013706
00013707
00013708
00013709
00013710
00013711
00013712
00013713
00013714
00013715
00013716
00013717
00013718
00013719
00013720
00013721
00013722
00013723
00013725
00013726
00013727
00013728
00013729
00013730
00013731
00013732
00013733
00013734
00013735
00013736
00013737
00013738
00013739
00013740
00013741
00013742
00013743
00013744
00013745
00013746
00013747
00013748
00013749
00013750
00013751
00013752
00013753
00013754
00013755
00013756
00013757
00013758
00013759
00013760
00013761
00013762
00013763
00013764
00013765
00013767
00013768
00013769
00013770
00013771
00013772
00013773
00013774
00013775
00013776
00013778
00013779
00013780
00013781
00013782
00013783
00013784
00013785
00013786
00013787
00013788
00013789
00013790
00013791
00013792
00013793
00013794
00013795
00013796
00013797
00013798
00013799
00013800
00013801
00013802
00013803
00013804
00013805
00013806
00013807
00013808
00013809
00013810
00013811
00013812
00013813
00013814
00013815
00013816
00013817
00013818
00013819
00013820
00013821
00013822
00013823
00013824
00013825
00013826
00013827
00013828
00013829
00013830
00013831
00013832
00013833
00013834
00013835
00013836
00013837
00013838
00013839
00013840
00013841
00013842
00013843
00013844
00013845
00013846
00013847
00013848
00013849
00013850
00013851
00013852
00013853
00013854
00013855
00013856
00013857
00013858
00013859
00013860
00013861
00013862
00013863
00013864
00013865
00013866
00013867
00013868
00013869
00013870
00013871
00013872
00013873
00013874
00013875
00013876
00013877
00013878
00013879
00013880
00013881
00013882
00013883
00013884
00013885
00013886
00013887
00013888
00013889
00013890
00013891
00013892
00013893
00013894
00013895
00013896
00013897
00013898
00013899
00013900
00013901
00013902
00013903
00013904
00013905
00013906
00013907
00013908
00013909
00013910
00013911
00013912
00013913
00013914
00013915
00013916
00013917
00013918
00013919
00013920
00013921
00013922
00013923
00013924
00013925
00013926
00013927
00013928
00013929
00013930
00013931
00013932
00013933
00013934
00013935
00013936
00013937
00013938
00013939
00013940
00013941
00013942
00013943
00013944
00013945
00013946
00013947
00013948
00013949
00013950
00013951
00013952
00013953
00013954
00013955
00013956
00013957
00013958
00013959
00013960
00013961
00013962
00013963
00013964
00013965
00013966
00013967
00013968
00013969
00013970
00013971
00013972
00013973
00013974
00013975
00013976
00013977
00013978
00013979
00013980
00013981
00013982
00013983
00013984
00013985
00013986
00013987
00013988
00013989
00013990
00013991
00013992
00013993
00013994
00013995
00013996
00013997
00013998
00013999
00014000
00014001
00014002
00014003
00014004
00014005
00014006
00014007
00014008
00014009
00014010
00014011
00014012
00014013
00014014
00014015
00014016
00014017
00014018
00014019
00014020
00014021
00014022
